1593466444001 0.3604967227672941 0
1593466445505 0.3143066519445001 1
1593466447504 0.3007591989082966 2
1593466449320 0.30012670958514864 3
1593466450911 0.29617036450222795 4
1593466452553 0.2945327575669178 5
1593466454266 0.29442899074795953 6
1593466455920 0.28960963153445957 7
1593466457465 0.2889253679541546 8
1593466459119 0.2886646847702449 9
1593466461077 0.2878091235487518 10
1593466462844 0.2881198024394047 11
1593466464521 0.2839083551752085 12
1593466466280 0.2852988666677456 13
1593466467818 0.28335831889134555 14
1593466469596 0.2884221145649915 15
1593466471378 0.28529136494814206 16
1593466473146 0.28439817049887584 17
1593466474689 0.2821275018796202 18
1593466476540 0.2843760139435752 19
1593466478519 0.27894492264841414 20
1593466480152 0.28178925565939394 21
1593466481897 0.27944058999945753 22
1593466483710 0.27614095210912043 23
1593466485444 0.2775473800602266 24
1593466487126 0.2835156121205291 25
1593466488888 0.27517859553782953 26
1593466490683 0.27640357050162745 27
1593466492653 0.2764128201912093 28
1593466494744 0.2744292922297505 29
1593466496560 0.27889487422888637 30
1593466498261 0.27595494746647026 31
1593466499973 0.2719115862307663 32
1593466501597 0.2745792090682175 33
1593466503278 0.27341573500240085 34
1593466505491 0.2736731885980287 35
1593466507711 0.27519838845420924 36
1593466509989 0.2723317982977776 37
1593466512173 0.2706586237416157 38
1593466514377 0.2700229682932192 39
1593466516161 0.2721155149636196 40
1593466517933 0.27314438585164175 41
1593466519696 0.27308276739127973 42
1593466521402 0.265823044611231 43
1593466523126 0.26480577639214514 44
1593466524977 0.26478813492086384 45
1593466526778 0.261007537105105 46
1593466528463 0.265435231998007 47
1593466530182 0.2616805151122478 48
1593466531763 0.2616765264042883 49
