1593466924853 0.20359819617910763 0
1593466926476 0.204314173180588 1
1593466927858 0.20273417089621507 2
1593466929656 0.2043825593130889 3
1593466931627 0.20513403462483737 4
1593466933702 0.2012523181464422 5
1593466935559 0.20234139751559574 6
1593466937371 0.201301156479937 7
1593466939444 0.20045431100437583 8
1593466941593 0.20039611038304705 9
1593466943625 0.20282947136623794 10
1593466945492 0.20206465832757445 11
1593466947530 0.20099692064778776 12
1593466949569 0.19754160814276853 13
1593466951368 0.19799093756580474 14
1593466953199 0.19892651761191285 15
1593466955126 0.20304188019956942 16
1593466957214 0.19654449772544594 17
1593466959145 0.21690813573987802 18
1593466961132 0.2040138556517757 19
1593466963596 0.19783826932913656 20
1593466965895 0.20303620485216672 21
1593466967886 0.2000421513212771 22
1593466969703 0.19657393137426718 23
1593466971489 0.2012623127829247 24
1593466973640 0.19691525251667874 25
1593466975541 0.19767263376062227 26
1593466977354 0.20166725252579837 27
1593466979271 0.19749856443324648 28
1593466981080 0.19517235277117492 29
1593466982874 0.2016986412397309 30
1593466984801 0.20460904804126018 31
1593466986608 0.19858208537565397 32
1593466988499 0.19514108072742556 33
1593466990588 0.19675537028240606 34
1593466992458 0.19264414453674963 35
1593466994268 0.20241080493050834 36
1593466996235 0.19776797599133952 37
1593466998043 0.1957102489438673 38
1593466999789 0.1970506644525105 39
1593467001787 0.20183820388611504 40
1593467003742 0.21141526913895625 41
1593467005739 0.19733092866027688 42
1593467007728 0.19258379575828968 43
1593467009609 0.20090843488187662 44
1593467011365 0.19544916217075314 45
1593467013253 0.19245664251168942 46
1593467015064 0.19993018814990415 47
1593467016772 0.19428190659156816 48
1593467018680 0.19652646775333657 49
