1593467063098 0.3559924850030464 0
1593467064452 0.3112340650642251 1
1593467066417 0.29585871562613286 2
1593467068352 0.29750674384970455 3
1593467070311 0.2931509912599055 4
1593467072174 0.295142510227938 5
1593467074009 0.29491380725273864 6
1593467075759 0.2889330311819858 7
1593467077487 0.2863459258007919 8
1593467079269 0.28799290282261997 9
1593467081004 0.28832455340686575 10
1593467082677 0.2872825253697812 11
1593467084688 0.2839512498204643 12
1593467086628 0.2861854610171185 13
1593467088388 0.2845297515521014 14
1593467090412 0.2819257668059716 15
1593467092390 0.2830635114106001 16
1593467094253 0.2831106253076545 17
1593467096165 0.2856321556045347 18
1593467097898 0.2828483970043797 19
1593467099792 0.28045610631850826 20
1593467101894 0.2770130488397001 21
1593467103725 0.2802633798304941 22
1593467105440 0.2767582001010249 23
1593467107454 0.27959034892920187 24
1593467109185 0.275480981452539 25
1593467110831 0.27649470554130146 26
1593467112659 0.27676667358900314 27
1593467114523 0.2741204214695158 28
1593467116440 0.27941209418917806 29
1593467118477 0.27238663120694756 30
1593467120351 0.27219583017478793 31
1593467122154 0.2723592935845952 32
1593467124110 0.2739188554746102 33
1593467125915 0.27138989425473087 34
1593467127620 0.26936735054255 35
1593467129399 0.2656975746312748 36
1593467131244 0.2682517271534246 37
1593467133238 0.2679563517143645 38
1593467135618 0.267299976128197 39
1593467137635 0.26840054978037703 40
1593467139342 0.2677514217428287 41
1593467141124 0.2656826906617033 42
1593467143230 0.2632538482494152 43
1593467145139 0.2648997744497805 44
1593467146902 0.26474086471665453 45
1593467148967 0.26395343905179514 46
1593467151028 0.2603343847128378 47
1593467152916 0.26587735895180076 48
1593467154817 0.26228976716562774 49
