1593466774461 0.21973245245454637 0
1593466776204 0.22088197474508695 1
1593466778177 0.21785221870478153 2
1593466780220 0.221965542471919 3
1593466782760 0.21893016236947946 4
1593466784691 0.2139256706495682 5
1593466786492 0.2137801050788803 6
1593466788575 0.2197961584464868 7
1593466790463 0.21701180677485082 8
1593466792204 0.2155974342348438 9
1593466794122 0.21469140444192222 10
1593466796086 0.21557885211240463 11
1593466798067 0.21100588420915706 12
1593466800073 0.218411500454183 13
1593466801990 0.21271969060606238 14
1593466803762 0.21087029733679366 15
1593466805678 0.2134428549957219 16
1593466807644 0.215705709968495 17
1593466809631 0.20821637549398458 18
1593466811740 0.21049119068165598 19
1593466813913 0.21118106232304454 20
1593466815872 0.21265029533966223 21
1593466817806 0.21086804595972258 22
1593466819809 0.20711831757846327 23
1593466821956 0.20794330862605623 24
1593466823811 0.21195660593535884 25
1593466825625 0.20759704738305418 26
1593466827513 0.20917696853449497 27
1593466829704 0.2066497839299847 28
1593466831983 0.20991817943702082 29
1593466834030 0.20691292969020714 30
1593466835951 0.20760314568473537 31
1593466837730 0.2090262717530453 32
1593466839710 0.20487516784391827 33
1593466841577 0.20658378006431885 34
1593466843390 0.20654313445448128 35
1593466845670 0.20716829214158786 36
1593466847641 0.20675885856362197 37
1593466849479 0.20810479421825281 38
1593466851442 0.21094378801505145 39
1593466853287 0.20444641751392617 40
1593466855053 0.2081681460136285 41
1593466856997 0.20195349956148506 42
1593466858841 0.20551152411785414 43
1593466860808 0.2088346051605814 44
1593466862924 0.20657817169316012 45
1593466864807 0.20539977530497966 46
1593466866601 0.20063349014878695 47
1593466868508 0.2015751559546193 48
1593466870343 0.20182735914920982 49
