1593466603240 0.2601876259786174 0
1593466604876 0.2604374222466185 1
1593466606418 0.25869901344899715 2
1593466608148 0.26197831607070865 3
1593466610164 0.25850969416092645 4
1593466611955 0.26093979080986124 5
1593466613797 0.26243965895235843 6
1593466615733 0.25290006120672026 7
1593466617629 0.25542823411597426 8
1593466619851 0.25900338278899815 9
1593466622252 0.2570921244033187 10
1593466624306 0.25148719813620574 11
1593466626232 0.25751116696319537 12
1593466628106 0.2584361722528303 13
1593466629914 0.2504501040186843 14
1593466631742 0.25348259984253435 15
1593466633562 0.25120260599528194 16
1593466635370 0.24728944811064635 17
1593466637508 0.25002682236512125 18
1593466639427 0.24805987758827433 19
1593466641383 0.24535351966496396 20
1593466643309 0.2509056831785731 21
1593466645119 0.24822718924197396 22
1593466646908 0.24723964019246694 23
1593466648722 0.2451224016544161 24
1593466650511 0.2501216021457465 25
1593466652436 0.24377303196297914 26
1593466654481 0.24767261230458829 27
1593466656351 0.24486758282337182 28
1593466658206 0.24284778976491914 29
1593466660071 0.24221787610192555 30
1593466662240 0.24149447363593973 31
1593466664082 0.23814589644021317 32
1593466665899 0.23818011915959889 33
1593466667788 0.2412868160966522 34
1593466669889 0.24040808963059537 35
1593466671801 0.23878651230351383 36
1593466673692 0.23695764493184038 37
1593466675570 0.23554644501696018 38
1593466677388 0.23362196324898488 39
1593466679248 0.2397088162106629 40
1593466681521 0.23540519802744453 41
1593466683438 0.23153318514485055 42
1593466685934 0.23496372494034828 43
1593466687968 0.23472560159964426 44
1593466690137 0.23247976879021398 45
1593466691946 0.23026993163997725 46
1593466693822 0.22724036294652472 47
1593466695730 0.23163244228855412 48
1593466697474 0.23055732306378188 49
1593466699358 0.23147855068966133 50
1593466701458 0.22871387483421193 51
1593466703674 0.229075376811709 52
1593466705981 0.22857013535490212 53
1593466708067 0.23140908155808226 54
1593466710123 0.22995976563711282 55
1593466711935 0.22916585692574942 56
1593466713755 0.22962602023452133 57
1593466715627 0.2270196170158886 58
1593466717751 0.22129528739310078 59
1593466719668 0.22270343643710058 60
1593466721543 0.22796592800861534 61
1593466723530 0.22176160111008297 62
1593466725782 0.2222412383212358 63
1593466727700 0.22194022906144834 64
1593466729569 0.22104620147228804 65
1593466731403 0.22055691646790102 66
1593466733523 0.21896810777570203 67
1593466735518 0.2190375028504991 68
1593466737343 0.22490867283187943 69
