1593453770136 0.3969272307826343 0
1593453773172 0.31070818032149383 1
1593453775849 0.29696499629141443 2
1593453778563 0.29688492177466014 3
1593453783163 0.29808225065855876 4
1593453785919 0.2917007500628279 5
1593453788818 0.29150457165676047 6
1593453791576 0.2898047124000919 7
1593453794368 0.29027643557572114 8
1593453797497 0.2890912344526393 9
1593453800730 0.287831857373399 10
1593453805363 0.2863537710427676 11
1593453808594 0.2880458316009186 12
1593453811936 0.28715902522446174 13
1593453815076 0.2843781638646247 14
1593453818308 0.27997642200298295 15
1593453821073 0.28420082716367084 16
1593453823791 0.2866516153415512 17
1593453826495 0.28356123342671297 18
1593453829271 0.27893501628098133 19
1593453832231 0.2789534918691862 20
1593453834994 0.27992471490928506 21
1593453837651 0.28284153585041744 22
1593453840309 0.2829471872889111 23
1593453843282 0.28115960727451267 24
1593453846106 0.2797309273029712 25
1593453849078 0.28238158032713473 26
1593453851818 0.2754935133817573 27
1593453854595 0.2800443663251227 28
1593453857338 0.27782291176128865 29
1593453860406 0.27232990366807863 30
1593453863374 0.2760013128829367 31
1593453866923 0.2750862014260908 32
1593453869946 0.27451057909374665 33
1593453873817 0.2738093639594881 34
1593453877061 0.27215325872150176 35
1593453880092 0.2715695752851112 36
1593453884068 0.2703408206566952 37
1593453887091 0.2682030250658042 38
1593453889886 0.2696033635055686 39
1593453892654 0.2695182028954573 40
1593453895566 0.2742478789876478 41
1593453898386 0.2690598295981808 42
1593453901138 0.26733458304246077 43
1593453904044 0.2698536923131055 44
1593453906820 0.26744572526925586 45
1593453910116 0.2673672988899652 46
1593453913626 0.2640877284802874 47
1593453917114 0.2660413505425395 48
1593453921691 0.2633349048328437 49
