1593530082641 0.3493698424347766 0
1593530084874 0.31033658317879315 1
1593530087282 0.300415216273404 2
1593530089640 0.2978857828791955 3
1593530092012 0.2921839267261177 4
1593530094392 0.29026773937037753 5
1593530096900 0.29160072098398004 6
1593530099382 0.2887213031275393 7
1593530101936 0.2841699137891748 8
1593530104646 0.28592618616553067 9
1593530107168 0.28817126280684824 10
1593530109718 0.2840965149282801 11
1593530112216 0.28494312847929 12
1593530114713 0.28546363891668775 13
1593530117221 0.2791951064519148 14
1593530119829 0.28082735484599786 15
1593530122355 0.2803899816639245 16
1593530124857 0.2803480401927694 17
1593530127378 0.2800863805323149 18
1593530129882 0.27555705763145105 19
1593530132361 0.28185593719734225 20
1593530135047 0.27748036966704837 21
1593530137691 0.27459615418079747 22
1593530140233 0.2729076950861676 23
1593530142756 0.27864315473406187 24
1593530145456 0.2766273817362671 25
1593530147983 0.2743115290080888 26
1593530150581 0.2716910072668515 27
1593530153223 0.2744823361936742 28
1593530155781 0.2714780284918941 29
1593530158332 0.27110728821569113 30
1593530160880 0.2722358901330102 31
1593530163652 0.26784450459302434 32
1593530166230 0.2661253361665458 33
1593530168979 0.2717524057376324 34
1593530171591 0.2718134896400446 35
1593530174159 0.271430620965323 36
1593530176656 0.27032202919254034 37
1593530179107 0.2666822316078963 38
1593530181568 0.26518039639949986 39
1593530184082 0.268824476633158 40
1593530186544 0.26609665790187365 41
1593530188926 0.2688224211504846 42
1593530191324 0.2644172395719563 43
1593530193719 0.26348664792503945 44
1593530196088 0.26394849470960985 45
1593530198478 0.2646615593443677 46
1593530200987 0.2592969264149151 47
1593530203376 0.2606860172832813 48
1593530205763 0.2574361239665623 49
