1593465509224 0.48665713671314925 0
1593465510921 0.38442308864841573 1
1593465512526 0.3584758090835086 2
1593465514585 0.3405173530812897 3
1593465517168 0.3310133132286844 4
1593465519385 0.32197145464792415 5
1593465521909 0.3195829381832498 6
1593465524186 0.31937459841628985 7
1593465526361 0.31332948859027354 8
1593465528766 0.3167043488838769 9
1593465530901 0.31227879997967295 10
1593465533793 0.3109240690752261 11
1593465536151 0.30785301892743633 12
1593465538481 0.3051035112728273 13
1593465540893 0.30781893053151277 14
1593465543008 0.30918914220925703 15
1593465545314 0.30834665112412735 16
1593465547352 0.3034829771243079 17
1593465549792 0.30024431668265017 18
1593465552106 0.3027388976833035 19
1593465554211 0.3025573462764652 20
1593465556504 0.30308733672075877 21
1593465558543 0.2998928729164807 22
1593465560618 0.30010386856994187 23
1593465563041 0.2986934865313458 24
1593465565393 0.2969395769124775 25
1593465567688 0.3015239517812784 26
1593465569854 0.30047668866339444 27
1593465571859 0.3028574772997399 28
1593465574123 0.29920274387894336 29
1593465576103 0.30156797244714173 30
1593465578420 0.2976443349453755 31
1593465581029 0.3002237258274431 32
1593465583280 0.2945426843414417 33
1593465585791 0.2980443437664495 34
1593465587846 0.30131019181598817 35
1593465589892 0.29600723813034896 36
1593465592607 0.29812235446765245 37
1593465594815 0.29614768179854906 38
1593465597229 0.29889344298253856 39
1593465599763 0.2960658934419555 40
1593465602202 0.29583554116287675 41
1593465604511 0.2949103707695283 42
1593465606525 0.2982777479067014 43
1593465608582 0.2916843206121053 44
1593465611107 0.2967584903185078 45
1593465613569 0.2969128069505526 46
1593465616373 0.2936462488994433 47
1593465619140 0.2953304498009599 48
1593465621460 0.2940828324053329 49
