1593466297593 0.48419188233885896 0
1593466298819 0.38382332537119934 1
1593466300188 0.3519969049462347 2
1593466301465 0.3344583818970543 3
1593466302910 0.3166780227134871 4
1593466304560 0.317592643175024 5
1593466306293 0.3169313128503763 6
1593466307816 0.3124618473991863 7
1593466309521 0.30818999183379203 8
1593466311439 0.3015893974232121 9
1593466313297 0.30641988028918804 10
1593466314807 0.3001947177593784 11
1593466316652 0.2944128370643083 12
1593466318452 0.2988441231897124 13
1593466319978 0.29368212395524995 14
1593466321640 0.2966534839829698 15
1593466323346 0.2988268048986997 16
1593466324844 0.2946168139173229 17
1593466326368 0.2960662871224767 18
1593466327965 0.29009278031145774 19
1593466329558 0.2973496764664281 20
1593466331046 0.2941536857162591 21
1593466332837 0.2944075521015868 22
1593466334667 0.2897812719023551 23
1593466336202 0.29289313208298634 24
1593466337807 0.2876786467362185 25
1593466339541 0.292061566598611 26
1593466341121 0.28641104086806457 27
1593466342652 0.2889770639787527 28
1593466344218 0.28881353778749247 29
1593466345887 0.2882370245213316 30
1593466347653 0.2868848617112211 31
1593466349529 0.2901056140199052 32
1593466351258 0.28875874010403574 33
1593466352809 0.2874482313838715 34
1593466354361 0.29125659508849294 35
1593466355979 0.28241519751645183 36
1593466357600 0.2865629682794921 37
1593466359085 0.2884002576915245 38
1593466360673 0.2848672155052435 39
1593466362316 0.28295840800955196 40
1593466363942 0.28542628970610007 41
1593466365664 0.288312374343229 42
1593466367311 0.2829049132035955 43
1593466368938 0.2860869210481082 44
1593466370668 0.28594789047029656 45
1593466372246 0.28343253735120877 46
1593466373918 0.2899018623546193 47
1593466375393 0.28153407457860535 48
1593466376909 0.28627172017394675 49
