1593451536468 0.36376705191207487 0
1593451538611 0.3107523059565318 1
1593451540955 0.30066229480245227 2
1593451543269 0.2930543468098665 3
1593451545434 0.291489703360613 4
1593451547764 0.29068150771778145 5
1593451549900 0.29218264092615553 6
1593451552392 0.2917337125605305 7
1593451554552 0.2896413713178777 8
1593451556635 0.2879888559960364 9
1593451558872 0.2833316930670995 10
1593451561274 0.2854339314071066 11
1593451563687 0.28247154364819427 12
1593451566032 0.28201882325882155 13
1593451568313 0.2813903963303725 14
1593451570599 0.27959705162010895 15
1593451572884 0.27623849084529867 16
1593451575227 0.27953492967952315 17
1593451577543 0.2797047603432225 18
1593451580129 0.2784788278584205 19
1593451582634 0.27475797335833346 20
1593451585231 0.2740246296092768 21
1593451587897 0.27401060713685443 22
1593451590650 0.27295499742850166 23
1593451593252 0.2742649862988116 24
1593451596083 0.2722624110202018 25
1593451598849 0.2726513827296393 26
1593451601388 0.27427502697853656 27
1593451603863 0.27102910855680434 28
1593451607110 0.27277962844138715 29
1593451609804 0.273724269407096 30
1593451612468 0.26722132477472005 31
1593451614998 0.2683725534734606 32
1593451617545 0.27096630984198405 33
1593451620045 0.2691015365266968 34
1593451622565 0.268503196996757 35
1593451625134 0.2682658753525663 36
1593451627775 0.26287582868283804 37
1593451630289 0.26424074444435697 38
1593451632801 0.2685164602763708 39
1593451635317 0.26378031209854225 40
1593451637782 0.2646249545336612 41
1593451640210 0.2596967000153002 42
1593451642710 0.2662599356234378 43
1593451645098 0.26369116421383787 44
1593451647468 0.26371327561516833 45
1593451650236 0.26249947909793764 46
1593451652781 0.26163338562367616 47
1593451655305 0.26269076988949325 48
1593451657739 0.25965879243825246 49
