1593465702256 0.3655216225309868 0
1593465703988 0.31871239289727515 1
1593465705805 0.3096987677878038 2
1593465708057 0.307663734386422 3
1593465710510 0.3050332381546153 4
1593465712584 0.30049611068185356 5
1593465715065 0.30412999354518216 6
1593465717724 0.3015493377095702 7
1593465721060 0.29708140854201565 8
1593465723553 0.29860992152566856 9
1593465726030 0.299500097980389 10
1593465728603 0.29691737801525636 11
1593465730917 0.2951491281993127 12
1593465733316 0.29238836083108977 13
1593465735550 0.29690444879449174 14
1593465737777 0.29228391664565645 15
1593465739803 0.2898889080981988 16
1593465742145 0.28826933578948755 17
1593465744909 0.29281254164400816 18
1593465747275 0.2903549547657112 19
1593465750005 0.28731663495819004 20
1593465752315 0.2889513987337234 21
1593465754577 0.2876710631254781 22
1593465757149 0.2880734923257993 23
1593465759659 0.2883426364446651 24
1593465761981 0.28048109033204227 25
1593465763945 0.28651462882929457 26
1593465766562 0.2798566131922551 27
1593465768778 0.2832781221997531 28
1593465770982 0.28199227540134697 29
1593465773748 0.28251275219496963 30
1593465776478 0.2825790800111142 31
1593465778737 0.2753602925752629 32
1593465780744 0.27762158523405217 33
1593465782851 0.2746491887665897 34
1593465785070 0.2751233240427998 35
1593465787388 0.2758334121607632 36
1593465790380 0.2758579252427713 37
1593465792480 0.2762124721369991 38
1593465795769 0.27345655103983907 39
1593465798338 0.27223129179436345 40
1593465801138 0.27267536458941555 41
1593465803973 0.27483571581757826 42
1593465806411 0.27066174829970896 43
1593465808593 0.2680530486596113 44
1593465810730 0.26857750543280146 45
1593465812829 0.27254927923224564 46
1593465814931 0.26564190584111075 47
1593465817036 0.26594727855886335 48
1593465819981 0.2668493432461182 49
