1593453346434 0.37720442856111663 0
1593453349382 0.3073391129467878 1
1593453352569 0.2991547722663419 2
1593453355454 0.29470633167494126 3
1593453358191 0.29762664868474054 4
1593453360976 0.2885204729995963 5
1593453363883 0.29329398201290746 6
1593453368158 0.2917771419451009 7
1593453371601 0.2905554315086248 8
1593453374694 0.2876131839269182 9
1593453377750 0.2858571265730897 10
1593453380761 0.2873344753342701 11
1593453383824 0.28689397578677994 12
1593453386678 0.2841691181128007 13
1593453389411 0.28386558346599516 14
1593453392093 0.28349908188272094 15
1593453394810 0.2804896357740942 16
1593453397711 0.2831906606320732 17
1593453400729 0.283805668816222 18
1593453403668 0.2789186222159165 19
1593453406893 0.278394703566443 20
1593453409646 0.2774051660631608 21
1593453414523 0.2769073249021136 22
1593453418067 0.2776387123077301 23
1593453421044 0.27742393847231683 24
1593453423893 0.2776975318099126 25
1593453426928 0.27809833803970674 26
1593453429758 0.277093287532499 27
1593453432720 0.2745400703756024 28
1593453435505 0.27310518900529984 29
1593453438278 0.27348630337982865 30
1593453441002 0.2737319085134166 31
1593453443774 0.2730924642444078 32
1593453446743 0.27214578745362333 33
1593453449549 0.2778276348472648 34
1593453452313 0.27427727498865895 35
1593453455228 0.2685297103927803 36
1593453458065 0.26916428404693094 37
1593453460872 0.2701135496087855 38
1593453464090 0.2700807262178398 39
1593453466908 0.2637724821292329 40
1593453469689 0.26508943338720853 41
1593453472504 0.26682046294493167 42
1593453475525 0.2644044591876681 43
1593453478723 0.27026124015409525 44
1593453481697 0.26567880496891705 45
1593453484559 0.26838652652691614 46
1593453487389 0.2644027848078964 47
1593453490254 0.26537722688494453 48
1593453493131 0.2632878625982642 49
